100
0.0159374 0.000254055
-1.83881 1.58764
3.54107 6.44236
-1.3441 -4.19188
-6.30278 -8.19709
-1.26672 1.78424
-7.8506 4.25247
-2.97415 -2.39726
0.470587 1.04789
-0.512297 1.7789
12.2927 -1.78759
0.111224 1.49226
0.111421 0.0125458
6.15913 2.58883
2.17679 7.24191
-1.03508 1.81471
4.61553 -3.28423
0.540457 0.471142
-8.99318 -4.0021
6.33023 1.61483
0.133924 -11.0069
10.2144 -6.32136
5.96604 3.21586
5.15952 -2.66381
-1.73268 -10.6955
-9.12486 -3.56755
12.516 -0.504248
1.29805 7.57381
-3.27614 -0.676906
-4.48075 -9.5592
0.0508848 -4.72289
-5.1892 6.74452
0.11012 0.0122513
-3.28507 -1.10803
3.31994 6.59995
-4.76587 -9.38491
5.98488 -1.14709
-9.31694 0.735888
4.97108 -2.89991
-9.33164 0.655577
2.41229 7.1308
-9.07282 1.73027
4.41585 5.67795
-0.623859 1.79945
3.14936 -4.31588
6.34852 1.38727
-9.44232 -0.182327
-1.1152 1.80728
6.14908 -0.629299
-7.09789 5.19066
-0.51765 1.78006
-0.368467 1.74081
-6.55866 5.72675
3.23428 -4.27441
11.0927 -4.94923
-0.669538 1.80573
-6.41298 -8.0925
-1.78055 1.61606
-6.8216 -7.67586
-0.732487 1.81245
-8.96453 2.0622
-3.27333 -1.27648
-5.64889 6.44918
-8.51234 3.13638
0.0383158 1.54554
-5.09251 -9.16936
6.34904 1.3789
3.21375 -4.28461
9.59274 -7.09211
5.61019 4.02677
5.55747 -2.06244
-3.67264 -9.98953
4.88096 -3.00427
12.0697 -2.62636
-9.20318 1.25869
-1.91757 1.54589
-4.55977 -9.51214
6.29423 0.0721531
0.325105 0.117028
4.40479 5.6893
6.16634 2.56026
-4.14168 -9.75077
-3.29129 7.57991
-4.2472 -9.69292
0.259796 1.35699
-2.73474 -2.84592
-3.23175 -1.57477
-0.336436 1.73042
-5.09693 -9.16632
2.309 7.18077
-3.17392 -0.108547
0.0203444 0.000414039
-7.70493 -6.57886
-2.328 1.25801
5.45557 4.30834
0.200873 1.41566
-9.44898 -0.263458
5.83697 3.54457
3.84195 -3.91873
-6.82482 5.47385
