1000
0.00126842 0.193323
0.585006 0.350308
0.822838 0.174129
0.710495 0.303986
0.0914113 0.147313
0.988508 0.11908
0.00892266 0.531664
0.601764 0.166249
0.450786 0.0570559
0.783319 0.519876
0.875968 0.9559
0.539342 0.462074
0.86222 0.779658
0.996796 0.611493
0.266214 0.840119
0.375857 0.677187
0.0088171 0.275887
0.587912 0.837608
0.484931 0.743728
0.457976 0.744419
0.599041 0.735004
0.572399 0.151557
0.425165 0.51712
0.751536 0.168996
0.491884 0.699753
0.14752 0.141599
0.69288 0.426546
0.966604 0.153256
0.821673 0.191351
0.817184 0.155563
0.732007 0.279589
0.682244 0.721908
0.123028 0.834657
0.517018 0.426212
0.949338 0.549541
0.471722 0.846964
0.456093 0.98295
0.739184 0.196007
0.839429 0.500912
0.0274962 0.572572
0.531317 0.843037
0.657599 0.842136
0.109947 0.314085
0.286082 0.140281
0.834616 0.600243
0.25272 0.00161929
0.806239 0.210575
0.553193 0.113783
0.752218 0.543429
0.436713 0.696206
0.436683 0.577867
0.628667 0.504149
0.695768 0.189952
0.178375 0.457458
0.0975227 0.0944042
0.93149 0.894601
0.227318 0.410712
0.62807 0.451613
0.597828 0.854792
0.624778 0.565746
0.184288 0.555142
0.242865 0.604727
0.584605 0.494448
0.740741 0.620382
0.804509 0.576046
0.911548 0.727662
0.667785 0.31502
0.305822 0.108578
0.851219 0.154887
0.079348 0.640986
0.545088 0.408975
0.465561 0.152659
0.737986 0.826689
0.873344 0.300078
0.12723 0.784959
0.609648 0.0722923
0.653849 0.104813
0.22709 0.919969
0.662784 0.492535
0.49682 0.509259
0.688157 0.606274
0.00591149 0.100635
0.863235 0.74733
0.38012 0.552806
0.955708 0.176586
0.131645 0.951709
0.0278421 0.0559277
0.131648 0.864307
0.721645 0.0146828
0.707905 0.217562
0.168934 0.340983
0.367574 0.802393
0.526538 0.798184
0.144825 0.402413
0.136562 0.0661752
0.573343 0.548042
0.311344 0.808018
0.284265 0.895227
0.743793 0.361141
0.228511 0.229439
0.542419 0.053805
0.524671 0.0946734
0.891517 0.146549
0.931613 0.0470904
0.336423 0.398603
0.946162 0.534236
0.693524 0.259155
0.525603 0.398689
0.585549 0.684019
0.435513 0.00720035
0.601556 0.576665
0.222332 0.00428521
0.082265 0.855074
0.811055 0.691492
0.530142 0.142782
0.727898 0.0310934
0.644522 0.0854661
0.947878 0.274968
0.981769 0.292264
0.367544 0.218633
0.240555 0.902255
0.902632 0.0801325
0.171813 0.775875
0.210646 0.00377657
0.114057 0.311157
0.0385819 0.189278
0.153522 0.885374
0.195672 0.645558
0.909133 0.921285
0.150776 0.569532
0.94301 0.578569
0.255292 0.350251
0.795233 0.0702939
0.590731 0.197667
0.644332 0.6043
0.441305 0.39654
0.5922 0.949459
0.391723 0.18533
0.574446 0.627341
0.0496303 0.260205
0.895316 0.728451
0.393567 0.903849
0.388109 0.353569
0.745353 0.739415
0.200173 0.680448
0.367844 0.109403
0.20308 0.654829
0.687625 0.0795616
0.0278124 0.307242
0.142682 0.0678612
0.724921 0.694019
0.654893 0.0983138
0.0496513 0.464049
0.72786 0.679922
0.372113 0.049982
0.169558 0.310571
0.212473 0.48465
0.439865 0.60595
0.401073 0.84265
0.623321 0.053484
0.863537 0.306405
0.0267216 0.391175
0.0310503 0.857939
0.401908 0.611597
0.875414 0.595004
0.793166 0.590625
0.569208 0.67274
0.0102315 0.34156
0.771007 0.869846
0.725575 0.893927
0.535581 0.780089
0.197385 0.797423
0.848813 0.628698
0.616921 0.250663
0.788091 0.713882
0.0815066 0.85532
0.307482 0.472985
0.191886 0.994996
0.647635 0.174136
0.274984 0.838915
0.37124 0.232533
0.231665 0.971017
0.0229117 0.151826
0.00925746 0.64387
0.414563 0.0906844
0.69926 0.657528
0.535479 0.0539998
0.259992 0.863327
0.0874501 0.709405
0.864223 0.293026
0.64492 0.828637
0.871915 0.912522
0.440158 0.354029
0.427709 0.000874556
0.773531 0.089825
0.683893 0.154088
0.0484725 0.0185845
0.647615 0.914143
0.431702 0.242596
0.654016 0.0228524
0.138447 0.550415
0.463416 0.300714
0.342544 0.608005
0.984429 0.150893
0.711639 0.775502
0.621214 0.68815
0.567148 0.54824
0.246446 0.492644
0.669823 0.623366
0.798759 0.988898
0.629483 0.591306
0.505539 0.449734
0.940374 0.251959
0.730497 0.625062
0.641328 0.556352
0.446321 0.996006
0.600893 0.172811
0.332438 0.653577
0.427497 0.678502
0.497544 0.802717
0.00452696 0.375889
0.827323 0.891133
0.650589 0.73397
0.957076 0.363254
0.904658 0.454776
0.869439 0.0391362
0.936098 0.164862
0.116931 0.118366
0.580099 0.731565
0.669717 0.808849
0.997491 0.204412
0.38825 0.580969
0.960119 0.381723
0.120825 0.0462577
0.761044 0.00178371
0.426386 0.461349
0.749366 0.55939
0.922024 0.856996
0.490895 0.747215
0.255765 0.791968
0.552827 0.52218
0.704133 0.731737
0.914211 0.796915
0.394943 0.0526017
0.000877947 0.756171
0.154756 0.670594
0.345877 0.79814
0.981709 0.295303
0.874331 0.100987
0.143033 0.308727
0.813814 0.814186
0.897865 0.269354
0.229396 0.874844
0.844776 0.0408989
0.183757 0.449255
0.894459 0.546354
0.522605 0.999328
0.867427 0.146679
0.284368 0.973747
0.716584 0.645044
0.735926 0.124656
0.375081 0.915432
0.0321891 0.448853
0.22862 0.156614
0.501686 0.754483
0.213471 0.771156
0.556604 0.852
0.53894 0.869343
0.227747 0.371044
0.0349903 0.397861
0.324948 0.201506
0.125087 0.893934
0.222126 0.560078
0.423646 0.864109
0.267404 0.681658
0.95882 0.788221
0.818382 0.135788
0.0200808 0.748301
0.902114 0.767885
0.630952 0.682433
0.500449 0.265955
0.646625 0.263637
0.460075 0.351593
0.476551 0.403881
0.0276272 0.596859
0.432188 0.382981
0.0101005 0.865187
0.699626 0.602341
0.559602 0.378211
0.937343 0.964099
0.583956 0.407022
0.498568 0.874765
0.781523 0.588416
0.279314 0.874397
0.301414 0.866584
0.190718 0.890337
0.0288084 0.0592535
0.256933 0.116126
0.494902 0.0492883
0.337655 0.515548
0.41229 0.601053
0.475751 0.951311
0.834924 0.801654
0.870066 0.939156
0.94332 0.127648
0.472875 0.0266736
0.454799 0.136109
0.212794 0.797204
0.658487 0.781431
0.842109 0.498749
0.0757151 0.356223
0.409796 0.297918
0.744877 0.0582436
0.358881 0.158841
0.131806 0.181452
0.249224 0.34691
0.664913 0.932524
0.105199 0.557977
0.895113 0.872309
0.388292 0.67195
0.281401 0.982139
0.594796 0.131964
0.600509 0.355323
0.478445 0.948141
0.982551 0.513557
0.898025 0.326463
0.570781 0.34815
0.290168 0.922813
0.806996 0.686684
0.766848 0.721767
0.341554 0.484284
0.838184 0.540576
0.568688 0.640036
0.759945 0.158002
0.786439 0.438356
0.506295 0.0682753
0.982041 0.615511
0.367522 0.860057
0.241891 0.0509946
0.172457 0.220132
0.786855 0.0836872
0.136481 0.562566
0.632266 0.453728
0.333803 0.282522
0.873247 0.868472
0.79541 0.634998
0.594775 0.194274
0.231508 0.239052
0.406824 0.272488
0.379447 0.206484
0.604564 0.361257
0.97602 0.895763
0.953512 0.201669
0.355454 0.290992
0.0996126 0.709346
0.671869 0.00578282
0.604643 0.290637
0.746914 0.912226
0.605905 0.784215
0.542624 0.394653
0.101941 0.0274563
0.258886 0.228643
0.862206 0.0476222
0.0561817 0.0850087
0.962542 0.878644
0.40315 0.658533
0.945169 0.00224659
0.0494585 0.421965
0.603949 0.414378
0.623133 0.00485551
0.394418 0.316798
0.853495 0.19768
0.469086 0.433239
0.418774 0.580441
0.337414 0.951035
0.418598 0.776736
0.15119 0.087351
0.471821 0.332766
0.614506 0.280726
0.439087 0.220951
0.51899 0.00737232
0.770542 0.969189
0.903977 0.222665
0.478464 0.414422
0.841595 0.427482
0.734897 0.0817491
0.846974 0.359634
0.0944035 0.188365
0.913368 0.310307
0.341528 0.272284
0.172465 0.065445
0.963678 0.44647
0.179275 0.472098
0.248625 0.277444
0.822443 0.629907
0.00721011 0.289549
0.859452 0.707497
0.921036 0.0935616
0.0766993 0.38387
0.515089 0.140746
0.0746156 0.914777
0.755316 0.101728
0.677934 0.824214
0.2715 0.870427
0.970781 0.220675
0.204626 0.192908
0.956775 0.738779
0.679834 0.921323
0.844307 0.10544
0.903752 0.892742
0.956677 0.331472
0.887524 0.433279
0.267105 0.527857
0.794121 0.486689
0.55903 0.34717
0.911248 0.368478
0.211253 0.0501673
0.248822 0.144894
0.608117 0.196852
0.761762 0.636469
0.174448 0.963187
0.197567 0.0473249
0.0360453 0.0823838
0.568955 0.218874
0.304598 0.411259
0.251704 0.508767
0.987943 0.121743
0.706954 0.294749
0.52511 0.517214
0.82921 0.103653
0.946677 0.473921
0.918871 0.365292
0.659702 0.507389
0.279802 0.791271
0.858116 0.463848
0.442096 0.379048
0.557601 0.836645
0.00970792 0.0406257
0.255963 0.707594
0.133073 0.856775
0.21829 0.313359
0.606842 0.955552
0.386872 0.237088
0.592442 0.0165569
0.916707 0.224469
0.965793 0.399582
0.335307 0.625404
0.289964 0.898666
0.328176 0.460345
0.412778 0.120992
0.148689 0.111575
0.689509 0.490737
0.653425 0.639896
0.830578 0.877946
0.962262 0.725697
0.37414 0.852541
0.743572 0.235621
0.7837 0.563207
0.12426 0.413796
0.170976 0.241251
0.225087 0.698415
0.643312 0.329527
0.320688 0.162975
0.276458 0.236214
0.62484 0.582802
0.712138 0.714112
0.70055 0.126395
0.380906 0.864123
0.495149 0.67177
0.349596 0.764252
0.00065756 0.748055
0.794032 0.723794
0.538648 0.101788
0.0967306 0.161856
0.670768 0.888237
0.569497 0.111458
0.733459 0.487891
0.801197 0.348525
0.998486 0.947974
0.630267 0.145567
0.457936 0.048665
0.742374 0.650732
0.234367 0.99453
0.893297 0.891781
0.615958 0.731053
0.7562 0.404743
0.716792 0.886019
0.394763 0.488081
0.761797 0.335742
0.360344 0.0814543
0.997041 0.396671
0.414961 0.269728
0.224984 0.641751
0.87895 0.411689
0.964409 0.341727
0.603382 0.894216
0.23563 0.531669
0.567933 0.510909
0.970852 0.70237
0.103554 0.466297
0.0490841 0.116669
0.7399 0.00441529
0.956412 0.750859
0.678272 0.662994
0.0711337 0.861317
0.888995 0.152219
0.573891 0.175495
0.83431 0.858626
0.982961 0.708742
0.815971 0.974147
0.314121 0.205514
0.94778 0.249762
0.866163 0.205747
0.753308 0.374742
0.630736 0.736259
0.388719 0.980213
0.32768 0.627341
0.490133 0.268344
0.0651898 0.453954
0.646511 0.266108
0.624906 0.102272
0.497153 0.704105
0.371993 0.961002
0.454501 0.520731
0.790522 0.73781
0.051733 0.990858
0.643424 0.900752
0.915328 0.47982
0.757702 0.744607
0.362885 0.822258
0.434669 0.0824666
0.625695 0.326149
0.484978 0.561931
0.696319 0.401681
0.888873 0.606609
0.801417 0.814985
0.0812876 0.982534
0.499273 0.567268
0.861978 0.989558
0.402506 0.398671
0.930875 0.277703
0.525725 0.917012
0.0479206 0.288659
0.258065 0.351926
0.818458 0.322151
0.961159 0.933588
0.103411 0.227367
0.19143 0.896707
0.0541916 0.719286
0.547924 0.109408
0.773103 0.320139
0.144975 0.327232
0.598498 0.925862
0.709796 0.0717863
0.0146415 0.997424
0.305251 0.134964
0.187242 0.377243
0.677329 0.70766
0.123381 0.730623
0.227951 0.133697
0.456689 0.612237
0.612605 0.288788
0.857615 0.157291
0.96292 0.584385
0.0684915 0.398237
0.73443 0.596707
0.563687 0.205909
0.179121 0.32038
0.834741 0.856122
0.443205 0.047723
0.300614 0.220968
0.289678 0.872207
0.842801 0.585271
0.446035 0.81784
0.965439 0.0879837
0.57687 0.59267
0.580514 0.788617
0.881595 0.967928
0.41804 0.358551
0.317054 0.781845
0.0611538 0.3976
0.445243 0.56856
0.606207 0.375237
0.905809 0.812097
0.948235 0.197132
0.513942 0.825126
0.690632 0.396542
0.982774 0.253009
0.680775 0.95067
0.271317 0.202663
0.169865 0.722098
0.556812 0.99646
0.598191 0.525178
0.832638 0.551094
0.00536906 0.817477
0.130855 0.381615
0.0652566 0.0161766
0.369812 0.23012
0.74644 0.439396
0.826977 0.319883
0.597155 0.872698
0.236399 0.234089
0.655416 0.760422
0.51148 0.419875
0.984372 0.022158
0.0926022 0.317198
0.832323 0.494183
0.919724 0.112636
0.417931 0.995704
0.0301961 0.118389
0.340269 0.020445
0.781213 0.776268
0.614107 0.0528428
0.697666 0.28643
0.330089 0.509793
0.944639 0.861315
0.939718 0.306671
0.425139 0.60469
0.165641 0.0489601
0.502753 0.0154467
0.536783 0.84868
0.349335 0.116525
0.548553 0.765658
0.917566 0.208752
0.4479 0.874082
0.538685 0.249866
0.643485 0.953692
0.145122 0.858422
0.740904 0.8064
0.118165 0.942549
0.202839 0.197703
0.76067 0.953984
0.6341 0.422823
0.394524 0.767054
0.691998 0.498494
0.0835353 0.182319
0.621217 0.979014
0.981004 0.055712
0.414219 0.397862
0.302283 0.0524068
0.596309 0.334063
0.922599 0.0256283
0.635653 0.103593
0.599531 0.0206197
0.978773 0.0756941
0.820835 0.903582
0.710363 0.614442
0.277056 0.615528
0.838579 0.645098
0.959055 0.0511981
0.205224 0.845344
0.880813 0.563012
0.0208964 0.461953
0.427052 0.0898719
0.0250615 0.752061
0.325836 0.911185
0.271355 0.0495365
0.246355 0.0256697
0.537579 0.456477
0.0213748 0.155449
0.361004 0.159526
0.495127 0.37459
0.698409 0.371405
0.995763 0.363448
0.211298 0.897238
0.433158 0.287246
0.176009 0.325849
0.0214981 0.30012
0.0189683 0.846398
0.626909 0.674041
0.476743 0.689626
0.740201 0.552624
0.38128 0.194283
0.0744136 0.330183
0.0698992 0.498629
0.787602 0.655482
0.420753 0.856774
0.330416 0.0606759
0.512647 0.57991
0.918714 0.215349
0.910447 0.603064
0.6313 0.805216
0.575028 0.676329
0.132547 0.0362245
0.398655 0.18111
0.0200472 0.763332
0.364975 0.571851
0.797246 0.244371
0.33422 0.442192
0.471224 0.519224
0.453358 0.216469
0.775238 0.413306
0.191249 0.466176
0.0162454 0.166931
0.998826 0.851199
0.547909 0.688794
0.59426 0.686471
0.867939 0.435262
0.873033 0.133062
0.340931 0.913921
0.443227 0.0149294
0.545896 0.812751
0.785511 0.260078
0.24904 0.753962
0.0384453 0.967015
0.00130811 0.672772
0.408593 0.0962808
0.36114 0.821527
0.205647 0.786641
0.74202 0.398368
0.502617 0.29671
0.885238 0.80142
0.420956 0.571219
0.957543 0.507401
0.0407297 0.43249
0.273577 0.575758
0.935813 0.39674
0.643928 0.777472
0.333971 0.115631
0.34745 0.348952
0.902154 0.442639
0.729023 0.371004
0.156348 0.124333
0.422274 0.772669
0.497209 0.116969
0.19719 0.960139
0.869706 0.527687
0.432731 0.0707278
0.0486769 0.181173
0.214507 0.851728
0.548747 0.810828
0.0574882 0.164364
0.159623 0.875289
0.253603 0.112531
0.106139 0.999884
0.844454 0.796971
0.833496 0.0428772
0.218861 0.693991
0.417351 0.787061
0.335648 0.659306
0.599118 0.256006
0.571253 0.557226
0.445857 0.655508
0.192281 0.514323
0.635704 0.940152
0.453331 0.798351
0.367883 0.0044595
0.319559 0.322256
0.897879 0.499462
0.814364 0.77301
0.697634 0.27413
0.992011 0.365572
0.240698 0.441588
0.5353 0.221758
0.412285 0.0707336
0.978197 0.374087
0.544545 0.502524
0.553599 0.394811
0.0766658 0.291476
0.665824 0.649799
0.84015 0.771993
0.988439 0.177303
0.968768 0.249721
0.186793 0.192031
0.433789 0.818097
0.265669 0.213976
0.204272 0.799679
0.542067 0.822354
0.0320027 0.812521
0.242741 0.0344069
0.861818 0.461665
0.726839 0.309523
0.866705 0.655398
0.333725 0.177968
0.107955 0.546939
0.855405 0.494731
0.820324 0.100514
0.634333 0.318724
0.322136 0.282905
0.286116 0.416268
0.550545 0.879957
0.0469933 0.390513
0.221642 0.937858
0.746612 0.434842
0.615545 0.829536
0.405693 0.712054
0.986664 0.946185
0.45857 0.358234
0.598859 0.0134614
0.601051 0.111665
0.385382 0.03323
0.262871 0.566682
0.23437 0.849521
0.705436 0.0525845
0.89871 0.340377
0.7445 0.137595
0.531355 0.233942
0.0977337 0.757716
0.845498 0.550038
0.357532 0.970634
0.899627 0.666505
0.588557 0.334739
0.507612 0.0106371
0.550308 0.912791
0.274131 0.375559
0.545074 0.901099
0.254617 0.861606
0.890235 0.883256
0.240477 0.442894
0.0161875 0.709055
0.669134 0.15843
0.188871 0.998529
0.159442 0.928815
0.857364 0.270607
0.67155 0.997513
0.626848 0.697344
0.292324 0.997225
0.85578 0.482518
0.645253 0.641382
0.879048 0.865752
0.925751 0.0404622
0.855215 0.751299
0.561409 0.643524
0.239466 0.961987
0.496848 0.804407
0.881043 0.118199
0.10416 0.9734
0.746171 0.141637
0.717952 0.513444
0.265374 0.384346
0.795522 0.141625
0.306444 0.382512
0.701909 0.99554
0.771886 0.235523
0.120347 0.324704
0.821708 0.60969
0.0869964 0.807017
0.720939 0.367339
0.651429 0.490146
0.312455 0.820511
0.161733 0.357911
0.114473 0.610094
0.174493 0.52164
0.0433868 0.209591
0.99014 0.0366547
0.761176 0.0539828
0.813034 0.343699
0.648341 0.293751
0.536638 0.335215
0.401291 0.173809
0.153577 0.0469305
0.255223 0.0372235
0.790944 0.974085
0.831668 0.954279
0.370394 0.012961
0.611202 0.976359
0.893306 0.0272716
0.0309626 0.0147732
0.350825 0.0394861
0.20746 0.344832
0.259213 0.0472846
0.284259 0.734555
0.81987 0.465045
0.404425 0.198632
0.704601 0.190185
0.308429 0.377447
0.465641 0.294408
0.556602 0.540864
0.570871 0.340482
0.376929 0.217254
0.0640064 0.323224
0.137658 0.447137
0.849755 0.236247
0.44489 0.662407
0.603799 0.2632
0.865379 0.190033
0.308302 0.594127
0.274037 0.381144
0.411711 0.86702
0.826716 0.364707
0.614086 0.234155
0.557775 0.426524
0.277283 0.0534646
0.60278 0.0132907
0.459978 0.20498
0.046142 0.361293
0.577983 0.0322385
0.393763 0.750377
0.689283 0.908734
0.670771 0.382966
0.404229 0.429148
0.144022 0.887791
0.420706 0.226021
0.669999 0.448909
0.684249 0.410934
0.66713 0.559545
0.173274 0.641029
0.713763 0.401109
0.30917 0.810415
0.770674 0.846985
0.991479 0.366484
0.0287124 0.0914702
0.257996 0.251383
0.381468 0.903747
0.570141 0.46849
0.522984 0.506621
0.722759 0.273683
0.67044 0.0806227
0.379558 0.991821
0.911556 0.892841
0.233166 0.458143
0.177626 0.0507606
0.790331 0.0846652
0.840869 0.881289
0.781985 0.55162
0.937281 0.934596
0.198513 0.123766
0.0141219 0.612938
0.949792 0.59196
0.602742 0.424717
0.150503 0.839413
0.316077 0.863344
0.0300798 0.0330816
0.57145 0.911125
0.468095 0.440335
0.938199 0.168036
0.154214 0.869926
0.110151 0.605923
0.373529 0.738814
0.503526 0.947165
0.416488 0.763361
0.479518 0.668636
0.614327 0.275703
0.191837 0.630678
0.999044 0.165289
0.0595076 0.330954
0.588556 0.445261
0.864426 0.783334
0.296928 0.443756
0.474132 0.021879
0.469509 0.620387
0.189341 0.229608
0.0430752 0.00764011
0.716665 0.492587
0.330973 0.277365
0.766213 0.178763
0.433331 0.432
0.274381 0.941722
0.272152 0.121065
0.251308 0.349811
0.251438 0.582762
0.253733 0.139959
0.542504 0.209961
0.482549 0.0965645
0.993963 0.741953
0.505428 0.555448
0.667009 0.0807856
0.604501 0.532594
0.995442 0.732656
0.749143 0.47838
0.570966 0.8741
0.19339 0.656183
0.553273 0.0438498
0.698788 0.146427
0.70511 0.458759
0.381972 0.475442
0.0527055 0.955607
0.187401 0.869399
0.170568 0.55724
0.984854 0.133204
0.0919219 0.664054
0.292202 0.154414
0.843787 0.870445
0.623061 0.032105
0.607025 0.406208
0.459455 0.830828
0.501704 0.202906
0.849444 0.959511
0.996967 0.58521
0.629672 0.17534
0.946524 0.587525
0.273339 0.2126
0.248565 0.895217
0.36245 0.0367756
0.13098 0.410934
0.685766 0.723285
0.0615252 0.446305
0.961457 0.961372
0.28308 0.538114
0.184511 0.183209
0.973549 0.889699
0.599668 0.317558
0.0313075 0.437504
0.298869 0.16885
0.48511 0.542486
0.444045 0.421003
0.529488 0.306302
0.114755 0.26639
0.184657 0.51288
0.780772 0.659726
