100
0.00126842 0.193323
0.585006 0.350308
0.822838 0.174129
0.710495 0.303986
0.0914113 0.147313
0.988508 0.11908
0.00892266 0.531664
0.601764 0.166249
0.450786 0.0570559
0.783319 0.519876
0.875968 0.9559
0.539342 0.462074
0.86222 0.779658
0.996796 0.611493
0.266214 0.840119
0.375857 0.677187
0.0088171 0.275887
0.587912 0.837608
0.484931 0.743728
0.457976 0.744419
0.599041 0.735004
0.572399 0.151557
0.425165 0.51712
0.751536 0.168996
0.491884 0.699753
0.14752 0.141599
0.69288 0.426546
0.966604 0.153256
0.821673 0.191351
0.817184 0.155563
0.732007 0.279589
0.682244 0.721908
0.123028 0.834657
0.517018 0.426212
0.949338 0.549541
0.471722 0.846964
0.456093 0.98295
0.739184 0.196007
0.839429 0.500912
0.0274962 0.572572
0.531317 0.843037
0.657599 0.842136
0.109947 0.314085
0.286082 0.140281
0.834616 0.600243
0.25272 0.00161929
0.806239 0.210575
0.553193 0.113783
0.752218 0.543429
0.436713 0.696206
0.436683 0.577867
0.628667 0.504149
0.695768 0.189952
0.178375 0.457458
0.0975227 0.0944042
0.93149 0.894601
0.227318 0.410712
0.62807 0.451613
0.597828 0.854792
0.624778 0.565746
0.184288 0.555142
0.242865 0.604727
0.584605 0.494448
0.740741 0.620382
0.804509 0.576046
0.911548 0.727662
0.667785 0.31502
0.305822 0.108578
0.851219 0.154887
0.079348 0.640986
0.545088 0.408975
0.465561 0.152659
0.737986 0.826689
0.873344 0.300078
0.12723 0.784959
0.609648 0.0722923
0.653849 0.104813
0.22709 0.919969
0.662784 0.492535
0.49682 0.509259
0.688157 0.606274
0.00591149 0.100635
0.863235 0.74733
0.38012 0.552806
0.955708 0.176586
0.131645 0.951709
0.0278421 0.0559277
0.131648 0.864307
0.721645 0.0146828
0.707905 0.217562
0.168934 0.340983
0.367574 0.802393
0.526538 0.798184
0.144825 0.402413
0.136562 0.0661752
0.573343 0.548042
0.311344 0.808018
0.284265 0.895227
0.743793 0.361141
0.228511 0.229439
